0 357 211 11 443
1 449 390 460 334
2 1482 405 1483 161 533 1818 382 2049 1204 735 2042 1409 489
3 139 714 349 87 88 411 60 203 269
4 1784 405
5 204 405
6 211
7 373 253 626 398
8 156 157 343
9 508
10 471 399
11 357 220 581 211 24 1053 603 0 320 188 498 617 363 443 612 358 197
12 124 326 264 190 1818 64 206 576 207
13 120
14 99 104 710 349 611 613 1606
15 59
16 19 275 599 219 520
17 241 1135 359 462
18 1854 155 1471 1492
19 599 89 376 1121 2168 16 836 959 275 639 1580
20 613 2138 914
21 1337 1431 496
22 261 351 348 313
23 554 930 187 234
24 902 11 203
25 554
26 1323 203 1416
27 28 460 461 455
28 27 241 517 743 1403 561 460
29 1416 1961 865 1607 611 1323 210
30 458 241 200
31 449 1135 605 1538 457 468 978 66 1625
32 626
33 2017 435 1443 624 1429 1426 729 730 76 592 287 93 1649
34 613 469
35 71 1994 561
36 405 1204 407 177
37 70
38 2017 1486 592 2193
39 523 474
40 122 523 474 476
41 41 2100 525
42 2114 2096 352 185 397 2044 1518 115
43 1916 584 500 1403
44 639 788 837
45 449 788 1204 460 251
46 1575 805 2050
47 715 1423 717 465 47 469 1258
48 1797 449 457 460 978 563 205
49 195
50 2106 266 1991 2033 1650 273 346 771
51 1892 533 462 1283 169 241 605 1449 460 1625 1747 463 1204 125
52 233 476
53 596
54 1646 1482 1483 1520 798 241 630 128 232 98 598 54 1409 1539 1361 1667
55 1259 1408 813 963 582 376 1228 1733 464 855 2151 1007 344 1179 1208 208 1653
56 536 1295 1413 760 59 552 2005 1367 1601
57 165 611 613 634
58 613
59 536 646 714 205 834 309 282 828 418 506 1876 445 775 157 1987 56 994 1961 1053 1362 555 1818 2169 1917 423 1672 722 215 543 254 492 2065 1751 1605 1862 15 126
60 536 712 282 1911 1285 2080 1961 1053 1608 203 913 148 3 107 569
61 277
62 2192 630 128 172 388
63 1818 359
64 12
65 527
66 446 1187 250 533 462 1290 1912 194 334 1818 1135 460 31
67 241 613
68 347 384 449 241 460 1945
69 602 202 305
70 70 565 1355 1845 936 2119 37 1818 2030 1679 588 314
71 204 627 94 182 693 557 2120 167 625 35 1923 303
72 352
73 555
74 611 613
75 2001 449 111 1028 460
76 33 103
77 1705 359 397
78 500 2203 1625
79 1502 624 2112 79 2190 1343 1349 1434 1024 2124
80 1148 1341 217
81 2191 2196 899 272
82 1579 359 330 2117 1671 1588 1095 1634 1577 1519 82
83 384 241 390 105 460
84 99 613 634
85 201 1086 1998
86 485 1182
87 735 203 1054 88 411 1610 3
88 735 87 203 1054 411 249 3
89 19 437 1700 547 520 725 1060 836 1901 1382 1518 379 1572 420 403 275 639 788 870
90 285
91 613 466 722 508
92 613
93 741 33 1775 113 1426 1987
94 71 1994 561
95 384 517 460
96 352 561 185
97 1629 1793 962 1534 1591
98 1520 598 1797 54 483 1636 1656
99 1969 101 14 611 84 1596 634 104 2188 613 99
100 450
101 1969 101 611 613 99 104
102 321 1702 1548
103 76 1819
104 1969 101 14 611 613 99 1831
105 83 241 460
106 379 520 547
107 60
108 495 496 321
109 418 1485 904 1760
110 531 341
111 2114 1127 2044 892 1223 130 1518 616 1277 1028 1834 198 2088 1790 1117 1165 1479 75
112 614 113 339
113 614 112 1426 339 1429 93
114 1938 1591
115 265 1101 1118 379 352 520 1580 42 2101 185 2026
116 962
117 359 676 186 184 1080 1049 1221 319 1284
118 147 164 295 277
119 997 2073 1877 1850 1873 1371 1268 993
120 349 613 13
121 380 533 1403 169 1374
122 1125 523 474 40
123 1266 293 1327
124 12 1140
125 241 125 613 51
126 59
127 430 257 192 353
128 2085 828 587 1833 1132 1364 1197 871 630 606 470 172 798 1702 62 1678 54 1149 1098 1818 320 148 1287 749 1055 2191 734 843 1431 303 2014 1679
129 355 580 151 486
130 2186 130 111 2088 1790 1710
131 585 559 624 1897 929 810
132 637 533 449 241 460 461 2038 1204
133 429 606
134 354
135 911 377
136 449 1204 451 455
137 2133 1148 394 1463 1440
138 170 465
139 3 203
140 199 352
141 414 416 1977
142 613
143 310 622
144 1629 744 352 1807 726 1232
145 235
146 495 272 496
147 118 285
148 630 128 537 60
149 387 406
150 438 374 440
151 350 129 354 355
152 318 266 273
153 241 461 613 478
154 772 1337 322 1383 1384 2178 1735
155 368 18 241 322
156 157 343 8
157 156 157 343 59 8
158 548
159 580 160 602
160 580 174 159
161 2 615
162 532 613
163 1575 1209
164 118 349 285 1656 1431
165 349 613 57 634
166 563 613 1274
167 1095 1701 352 1304 71 1924 1039 1923
168 1865 2207 1591 1916
169 449 605 51 1204 524 121
170 465 469 138
171 405 601 407
172 470 128 62 388
173 571 1705 1955 397
174 160 602
175 560 613
176 397
177 449 36 405
178 513
179 523 474
180 352 561
181 1514 1333 485
182 71 1994 561
183 502
184 242 728 359 676 117 397 1095 1080 1905 1284
185 2025 96 2096 42 1355 2142 1408 265 212 737 115 1705
186 861 1049 349 117 1930 1050 331 1221 319
187 23 234
188 220 11 498
189 1656 483
190 613 12
191 613
192 1347 352 1039 1040 127
193 271 1591
194 449 1135 460 66
195 2167 49
196 628
197 11 817
198 616 111 460 198
199 140
200 1030 1470 1854 458 1471 800 30 2008 384 241 1225 743 903 460 413 1643
201 342 325 1725 1086 85
202 69 2164
203 581 26 139 24 2022 477 1053 87 88 603 470 349 60 249 412 411 519 3 569
204 71 5 1246 709 471 2101 399 762
205 59 457 533 241 48 563
206 2183 12 1511
207 12
208 631 464 55 344
209 1348 1355 801 359 759 1829 352 516 1946 2146 1589 1676 1588 936
210 29 542
211 6 357 220 11 898 0 617 211 443 838
212 262 475 185
213 2100 342 1265 1786 2076 1086
214 218 1647
215 59 543 1987
216 1923
217 80
218 214
219 16 275 599 379
220 211 11 498 501 1695 188
221 693 899 904 1727 2120 2078
222 227 408 467 278 386 281
223 1702
224 428 747 1288
225 304
226 467 383 1745 386 281 1518
227 222 386 1745 1658 281 2091
228 400 462 449 241
229 266 268 1581
230 1787 467 383 281 1086 1265
231 703 380
232 613 460 54 1636 1729
233 1373 52 233 476 879
234 1373 930 187 23
235 1633 145 1809
236 520 447 481
237 1690 1134 1955 237 1777
238 1858 1533 1591 1827
239 624 741
240 469 317
241 1111 67 1470 460 459 400 1892 1535 533 462 228 385 449 384 1995 68 132 461 396 54 616 30 17 155 51 661 2035 415 1392 1538 457 205 1185 200 451 241 540 83 105 574 153 478 28 517 125
242 184 359 242 728 1006 567 1944
243 663 1082 361
244 449 334
245 1522 612 1721 1740 484
246 1351
247 486 350 247 354
248 348 953 397
249 249 203 1592 349 88 1206
250 449 460 66 334
251 1892 1133 449 788 45 451 460
252 602 486
253 1201 7 1684
254 543 59 613 2065
255 449 331
256 436 1112 656 1134
257 869 1401 127 257 422 1328 1014 1438
258 613
259 340 1910 421
260 365 561 1993 1896 1705 879 348 1369 806 952
261 22 1818 1041 1308 622 348 464 1829 1011 1028
262 963 212
263 1892 969 1797 461 1625 978
264 1369 788 12 963 837 2062
265 1083 115 265 2026 2101 185
266 50 266 268 269 273 318 152 229
267 977 2157 2022 1149 1010 812 776
268 266 269 229
269 266 470 1149 771 268 1270 3 1582
270 613 2144
271 193
272 636 81 146
273 266 318 152 50 864
274 396 460 461 382
275 16 219 19 1800 599 89 376 2168 520
276 348
277 295 118 61
278 278 281 222 408 1286 1334
279 280
280 279
281 278 1499 1675 227 386 1658 1616 226 222 408 596 2091 1745 230 325
282 282 59 60 506 1987 1960 1602 1862
283 1328 1014
284 613
285 539 286 147 1538 597 1636 90 349 164 633
286 285 597 1538
287 741 1129 33
288 349 613
289 469 1258
290 657 1298 1726
291 1024
292 292 2054 662 1988 867 2053 1489 2059 1907 1560 1100 1081
293 573 123
294 1806 613
295 118 277
296 480 297 298
297 480 1742 296
298 480 296 298
299 360 1650 1974 449 460 299 400
300 613 496 526
301 613
302 533 449 457 978 1538
303 2061 128 71
304 225
305 69
306 449 375
307 687 1310
308 521 578
309 59 506
310 476 1125 622 143
311 1487 2160 311 763 1810 795 1591 1217 1218 1026
312 352 1923 561
313 1758 22 1531 1006
314 514 70
315 460 462
316 611 613 496
317 240
318 470 266 273 152 318 1610
319 861 1049 349 186 117 359
320 11 128
321 102 108 495
322 154 155 1865
323 397
324 613 1927
325 342 201 281 1265 1455 1086 1725
326 1020 349 12 326 1021
327 470 2023 515 362
328 329 556
329 1889 328 329 1895
330 82
331 861 1930 186 331 349 1894 255
332 1693 424 1062 332 2002 1467 1564
333 1693 1324 1337 772 1332 349 1062 619 2116
334 244 1 250 460 66
335 1693 2126 1575 424 1332 1835 2116
336 563 449
337 496 495
338 360 1192 1189 953
339 1593 1426 113 112 2063
340 421 259
341 1038 1076 606 974 110
342 213 1455 325 1086 201 1265
343 156 343 157 8
344 55 963 1228 464 718 1318 1007 1179 208
345 1407
346 1991 454 1608 50 346
347 68 460
348 1944 1266 1043 687 22 1996 1920 2119 276 862 764 531 260 1946 1310 261 248 1230 1753
349 1944 2010 2078 1042 1693 326 772 1469 333 676 1893 1311 779 861 186 120 470 1507 381 2022 1980 549 477 1050 1080 1644 1098 1594 2173 1049 203 331 165 573 288 495 14 456 1465 749 540 319 1155 349 1681 1663 396 285 164 249 3 535 1284 571 1855
350 355 151 486 354 247
351 1253 22 2022
352 1944 1303 1347 96 2096 42 312 1348 1355 728 1095 515 140 192 72 2125 1364 861 558 2044 561 1701 1414 144 445 209 1304 516 2098 1588 1050 830 1687 1818 945 167 1089 115 1924 431 982 1618 529 180 1039 2023 2146 1494 1923 1589 1676 1762
353 1339 127 1762
354 355 151 486 134 354 350 247
355 350 129 354 355 151
356 2032 1097 485
357 0 211 11 617
358 11
359 1944 63 242 728 1611 82 209 184 117 1577 77 501 589 17 567 494 319 582
360 299 338 457
361 243
362 1920 327 1588 1094 2023
363 11
364 619
365 260 565
366 449 451
367 1215 1242
368 1470 155
369 1277 461
370 779 2099 526
371 449 2180
372 425
373 1038 1348 464 1728 1688 835 1733 7 1195 2062 1382 1933 1301 1732 2016 447 481 910 1116 579 718 373 1425 426 1703 1776 2143
374 438 440 150
375 306 449
376 1318 19 1348 464 447 547 1733 1060 836 2157 963 2016 55 1456 275 2168 1228
377 135
378 611 613
379 2096 1934 1118 89 379 520 115 1419 219 106
380 231 121
381 349
382 2 274 459 396 400
383 1745 386 467 226 1518 230 383
384 460 95 1683 385 449 241 68 461 616 200 2184 1945 83
385 1797 384 449 241 460 461 457
386 386 596 227 408 383 1675 281 226 222 1745
387 1426 733 1952 149 406
388 172 62
389 397
390 1482 1 462 1912 533 505 848 1818 1361 1549 83
391 449 528 817 461
392 449 1204
393 573
394 137
395 493 885 858
396 2078 1469 1413 274 1977 693 241 611 460 461 2173 1370 382 1538 349
397 42 1355 728 620 184 77 724 173 460 397 176 463 248 1923 323 389 410 503
398 7
399 471 204 10 448
400 228 405 449 241 461 1413 615 533 1912 1974 978 299 382 528
401 521 522 1308 578
402 578 1532 521 2066 1955 583 1308 2102 522 526
403 89 447 481
404 613 2183 1511
405 36 407 2 605 405 400 2042 5 533 171 1818 177 4 601 1409
406 1952 149 387 1904
407 36 1449 405 1985 460 171 1818 964 601
408 1745 386 222 278 281
409 1963 414 416 538
410 1974 397 1923
411 87 88 203 3
412 1053 203 1054
413 1470 200 458
414 538 409 416 141
415 241 2083 613 460 462
416 1544 414 1966 1701 1513 409 538 1963 1509 1623 1685 141
417 577
418 59 109
419 426
420 1962 1572 1993 89 447 420 2092
421 340 1910 259
422 257 544
423 59 496
424 332 335
425 372
426 419 373 464
427 1784 518
428 224
429 133 949 2062 974
430 1852 876 877 1028 1898 127
431 948 352 1199
432 559 1171 1175 1176 432
433 2176 1638 613
434 553
435 33 638
436 256
437 89 626 547
438 1198 374 1385 440 984 985 438 909 150
439 442 907 491 1366
440 438 374 909 150
441 979 441 613
442 439
443 0 211 11 617
444 613
445 352 59
446 449 1549 1550 460 66
447 1934 376 1118 481 236 1318 1518 373 420 403 520 547
448 471 399 2032 1823
449 136 446 244 455 306 505 371 391 1 400 1535 605 250 615 533 1797 462 45 228 1912 693 385 384 241 460 461 2038 194 68 1650 132 2120 302 375 31 366 392 169 1818 48 978 299 563 1538 524 177 457 255 1204 590 530 451 336 1625 546 75 566 468 517 489 251
450 100 2020
451 136 1535 366 241 449 460 2083 1549 251
452 1933 499 1118 500 1937 547 1692 453
453 1933 500 1937 452
454 346 454
455 136 449 1135 1922 1512 693 27
456 613 349 611
457 205 1470 360 1673 1156 1573 533 1797 970 302 1677 31 1818 48 978 1538 449 385 241 2032 460 461 961 903 546
458 200 30 1471 413
459 241 605 1535 460 970 1204 382
460 446 407 232 505 384 241 459 1485 1482 1 95 1892 1535 1483 1187 1278 605 1683 250 2042 1156 743 533 1797 462 45 1283 274 693 385 449 1317 27 194 347 68 2005 132 2031 461 396 616 1644 823 1133 334 1346 198 1267 51 1818 48 299 1135 415 1747 397 1538 1079 524 457 1439 1204 723 1185 200 451 66 2184 2083 635 803 2038 315 1625 546 75 1549 692 1628 566 988 2152 83 105 28 468 1130 489 1492 251 1449
461 1485 391 369 400 1535 1512 533 1797 879 274 1912 693 385 449 27 132 2120 384 241 1204 460 396 263 2173 600 563 1281 2042 1538 1368 457 2083 2038 1625 546 703 574 153 478
462 228 1523 1278 449 241 1135 390 51 460 463 66 1912 533 17 415 1204 791 315
463 462 51 1618 693 397
464 1260 1038 1318 373 376 835 1733 631 814 963 1179 1202 1818 1228 959 697 1041 886 55 1425 344 208 426 1653 261 582 2062 1513
465 1015 170 1600 1510 866 1027 1138 976 138 1262 715 1423 717 47 1013 1016 469 1258
466 91 613 722 508
467 1745 383 226 222 230
468 533 31 1135 2042 723 449 605 693 460
469 493 1424 825 1015 708 598 34 170 1600 240 1510 866 1516 685 289 2094 1606 1027 1138 1264 976 1262 1500 717 47 593 465
470 1688 1243 318 470 843 349 1097 128 172 1010 1417 269 2022 1149 525 1818 203 327 1270
471 10 204 471 399 448 1092 908 1823
472 571 613 496
473 987 912 1238 474 990 754
474 122 523 912 1948 476 473 179 39 40
475 1948 2119 212 672 1239 1494
476 1046 1948 912 1947 1272 1968 1106 310 1239 1273 497 52 1125 523 474 233 2107 989 2089 40
477 519 203 349
478 574 153 241 613 461
479 479
480 296 297 298
481 839 1700 520 547 447 2157 1800 2034 1083 236 697 1518 373 1116 403 964
482 908 1351 971
483 98 189
484 245
485 86 181 356 550
486 247 350 252 129 354
487 613
488 611 613 854
489 2 449 1449 496 460
490 901 1916
491 1366 545 439
492 59 543
493 469 551 395
494 1221 674 857 1070 359
495 108 496 321 1833 1702 555 1953 337 349 588 1609 146
496 108 1953 495 496 1609 1235 2085 1110 736 587 1833 2056 1959 1299 1240 874 588 1388 902 1702 300 1931 1034 2188 1857 423 337 2059 21 1462 472 1467 765 1863 543 1078 1909 316 489 146
497 1272 476 879 1125 1106 513 849 2107 2089
498 220 501 188 1738 2051 11
499 452 500
500 452 453 499 43 78
501 220 498 359 1695
502 183
503 397
504 613
505 449 605 460 970 390 978 1549
506 309 282 59
507 518 951 1922 864 1610
508 575 91 9 466
509 575
510 562
511 514 859 963 1071 1297 1039 1398
512 613
513 1272 178 497 1273 1275 2089
514 511 1297 2088 514 859 1071 1062 2194 1117 314
515 1348 352 1589 1315 558 1701 327
516 1348 1355 728 2125 561 352 1588 209 1305 1252
517 1470 1792 95 1683 533 978 1791 2184 803 28 1836 449 241 629 1307
518 427 507
519 477 1467 203
520 2096 1934 1700 89 520 599 1118 16 481 2034 1121 1083 236 379 115 275 106 447 2026 1580
521 401 578 522 402 1955 526 1308 308
522 401 578 521 572 1308 402 1955 526 2027 561
523 1586 2046 1125 122 476 907 474 179 39 40
524 449 460 169
525 525 2100 1010 2157 41 2022 608 470 1011
526 370 521 522 613 1588 300 2099 402 1955 1532
527 65
528 391 1293 533 400 817
529 1701 352
530 449 2038
531 728 348 1043 1881 110 1228 1029
532 613 162
533 534 1639 449 241 1135 2198 1204 605 735 2170 1644 405 1403 615 1699 400 693 2173 302 51 457 460 461 2038 723 468 132 2042 66 1278 2 390 803 517 1538 462 205 635 528 121
534 533 534 1314
535 1311 349
536 56 59 60 728 968
537 148
538 1963 414 416 409
539 285 797
540 241 349 613
541 611
542 2109 1830 210 1605 1114
543 215 1249 874 59 254 1124 1436 496 1949 1950 1841 1981 1982 492 2014 1078 2103
544 422
545 491
546 1331 449 1204 457 460 461 1538
547 1057 1101 1318 1934 437 89 1692 376 1937 1205 452 1665 1118 481 756 1121 2203 1221 106 447 2168 816 1143 2026
548 158
549 349 549
550 1178 1192 1823 1921 1182 1189 485
551 493 825 885 858
552 56
553 434
554 25 23
555 495 73 59 613
556 584 328 1895
557 693 71 557 1995 1493
558 352 515 1550 561
559 1175 432 559 1287 131
560 613 175
561 565 96 312 1348 1355 94 558 260 352 516 1414 182 2098 1588 2086 1041 625 522 180 2146 35 28
562 1299 1956 510 607 611
563 2078 1018 449 166 336 48 461 205 686
564 1313 1521 788
565 2117 2119 561 70 1355 2129 565 365 2018 1088 1845 898
566 1293 449 2173 460 1374
567 242 968 359
568 1215 1242
569 60 203
570 1637 613
571 724 173 1392 472 1538 349 613 1513
572 522
573 393 293 1180 1071 349 1618 1117
574 241 461 613 478
575 508 509 613
576 1369 12
577 417
578 401 521 522 402 1955 1308 308
579 373
580 129 159 160
581 902 11 203
582 55 464 696 359
583 402
584 842 556 584 1916 43 1635 2178
585 131
586 684 1063 993 1726
587 128 496
588 1532 899 496 2129 495 2102 918 1386 588 613 70
589 359
590 449
591 613 2138
592 38 33
593 867 1170 469
594 920 827 1498
595 1211 769 1148 1647 827 1069
596 386 1658 1616 281 1745 53
597 1573 285 286 1636 1538 633
598 662 598 98 54 469 1481 1196
599 19 520 16 836 1083 219 275 1580
600 461
601 171 405 407
602 2077 69 2164 252 174 159 602 1737 1627
603 902 11 203
604 613 1681
605 505 459 405 1892 449 460 533 970 1317 1133 31 169 51 978 1439 1204 961 2083 988 2152 468 1449
606 1295 1413 128 1387 341 1418 760 133
607 613 562
608 525 1010
609 1902 1686 610 1716 2174
610 1902 609 1686 1716
611 101 488 1299 74 99 396 378 1463 104 29 57 634 14 456 1467 541 784 1606 1785 1909 1782 316 562 1918 1569 611 1570
612 245 11
613 101 560 175 575 67 232 404 58 34 488 532 120 456 74 607 284 91 300 20 190 378 555 570 162 512 142 415 591 1089 270 165 104 288 324 604 487 57 628 526 634 14 472 99 84 166 441 540 444 574 153 478 466 588 254 258 301 316 294 504 571 433 191 125 92
614 1607 1604 112 1613 113
615 161 449 1204 400 2042 533
616 384 241 1297 111 460 198
617 357 211 11 443
618 1351
619 364 333
620 728 397
621 623 1158
622 261 310 143
623 1635 621 623
624 2022 79 2112 1343 1344 2124 1349 1434 1435 2190 239 741 33 1105 929 131 1837 1838
625 71 1994 561
626 32 437 7
627 71
628 196 1566 613
629 1792 1314 1075 1307 743 803 632 517
630 2080 128 798 62 54 148
631 464 208
632 629
633 1538 1051 285 597
634 99 57 611 613 165 84
635 533 1403 1368 460
636 1235 272 2210
637 1204 132
638 435
639 44 19 89
640 1330 923
641 1270
642 1088 937 1508
643 695 1096 750 1343
644 1088 937 707 1508 1252
645 650 1118 816 645 1121
646 1053 59 1054 731 1184
647 1991 1037 1053 1818 731 1922 771 1166
648 981 1161
649 1250 649
650 645 816 1382
651 652
652 651 709
653 1370
654 908 2171 1415 1420
655 920
656 1219 256 1280
657 1186 290 657 1298
658 1317 1413 1204
659 761 805
660 922 1112 907
661 241 1392 1185
662 292 598 708 1196 1100 1081
663 1123 1345 914 668 967 875 1000 666 1365 243 995 751 847
664 1053 1431
665 743 924 1022
666 1123 666 668 875 1099 663 847
667 1261
668 1123 663 914 1082 875 666 847
669 1261 721
670 722 979
671 672 673 1125 987 911
672 987 671 911 475 990 673
673 936 987 671 672 990
674 494 1146
675 1369 1228
676 1049 349 117 184
677 990 1421 1351
678 990 1421
679 1172 1337 1202 1041 1007
680 742 1578 746 1265
681 784
682 726 1844
683 1416 854
684 586 993 684 1254
685 1510 1516 469 1258 866
686 1018 936 686 563
687 348 1035 307 1327
688 1232 818 1402
689 1203
690 972
691 2100 1010
692 1278 460
693 533 2163 449 1295 396 71 557 1994 2173 460 461 455 1727 221 2083 463 468
694 1487 763 962 795 1591
695 643
696 1213 839 697 788 1157 582
697 1213 1145 1338 839 697 996 788 696 481 464
698 1433
699 1233
700 855 700 1818 1989
701 1002 2130 956
702 1227 911 1704 1705
703 231 1689 879 2097 806 1890 461
704 974
705 1612 1591 763 962 1840
706 1083 1180 1397 1006
707 1508 1989 707 1941 644 937 1252
708 469 2054 662
709 204 1246 2101 762 652
710 14
711 1368 1374
712 1131 60
713 1403
714 714 59 1323 2022 1053 3
715 465 47 1258
716 752 1258
717 465 47 1258 469
718 373 1038 835 817 344
719 1304 821 1312 1375
720 1216 833
721 1261 669
722 1163 1815 2015 670 905 91 1989 59 979 1025 2205 466
723 533 823 1346 1079 1204 1135 1267 460 468
724 1385 571 1705 397 985
725 89
726 144 1093 682
727 1059
728 1083 2117 2098 531 359 352 536 1318 1798 1319 516 1327 1006 184 242 2172 1417 1008 397 620 2187 801 1269
729 1442 33 733
730 741 33 1775 1426
731 796 1184 1053 797 646 647 1325 1054 1149
732 732 1024
733 1129 387 729
734 128 1010
735 1403 87 88 1535 533 2
736 1392 1299 1300 496
737 1109 1271 982 185
738 1290 1238
739 787 743 786 799 953
740 1392 1233
741 1443 624 239 1129 730 287 93
742 680 742 1578 746 1265
743 1393 924 787 1307 739 460 665 916 1075 629 800 1225 786 1321 799 1022 200 903 1322 28
744 1112 144
745 1010 1011 931 932
746 680 742
747 224 1288
748 951 1058
749 843 349 128 2196 1949 1950 2014
750 1096 643
751 663 914
752 1258 716
753 1034 1437
754 1168 473 1004 755
755 1168 1004 912 754
756 1224 1277 547 1073 1205
757 1270
758 899
759 801 209
760 1295 56 760 2005 1413 606
761 1023 659
762 204 1246 709
763 705 1111 1360 2130 694 1759 1954 767 820 311 1591
764 348
765 496 1384 1863 1810 795 1591
766 1012 766
767 763
768 1188 1430
769 827 1371 1211 595
770 1093 1095
771 50 1166 1053 647 269
772 1332 349 333 154 957 1384 1513
773 1355 2119 2129 1088
774 1047 1193 1048
775 1251 59 1339
776 267 1010 1011
777 1156
778 793
779 1206 1323 349 790 370
780 2130 1002 956
781 788
782 915
783 1065
784 681 611
785 1257
786 1393 924 787 1225 739 743
787 1393 924 739 743 786 916 1225
788 264 1892 839 781 564 45 2022 1083 44 1296 697 1150 696 89 251
789 1051
790 779
791 1840 1135 1271 462 795 1152
792 1786 1086 1265 1334
793 1856 924 1533 778
794 808
795 791 2130 694 311 1810 1863 765 1591
796 1037 1053 1149 731
797 539 1325 1625 1520 731
798 1520 630 128 54 1539
799 924 739 743
800 743 200
801 728 209 815 759 1269 1066 1445 936
802 850
803 533 629 517 1307 460
804 867 1170
805 46 1477 659
806 260 703 879
807 1112
808 794
809 1112
810 826 131
811 1040
812 2157 1010 1011 267
813 2157 1251 1010 55 1208
814 963 464
815 801 1445
816 1101 1348 650 1118 1769 1214 2040 1122 645 816 547
817 835 1692 391 718 1937 528 197
818 688 1597 1992 1825
819 1304 822 1230
820 874 763 1793
821 822 1304 862 1312 960 719 1375
822 1304 819 821 822
823 460 723
824 938
825 469 551 885 858
826 1096 810
827 594 1211 769 1148 1441 827 897 595 1390 1069
828 59 128 1308
829 920 926 923
830 963 1083 1088 1089 352 1095 1818 1944 2111
831 1209
832 1048
833 884 720 833
834 1920 59 1093 855
835 373 464 1008 817 1145 1195 718 1425
836 1118 19 599 89 376 888 836 1181
837 1145 44 1083 264 1094
838 1088 211
839 788 696 697 1093 481
840 953
841 956
842 584 1383
843 470 749 128 972
844 1112
845 1082
846 1183
847 1099 663 666 1123 668
848 1278 390
849 1102 1125 1103 2209 497 907
850 802
851 1089 1239
852 1146 950 1323 1240 1070 1234
853 854
854 488 865 683 853
855 1303 834 1338 700 963 973 968 1208 55 1944
856 1019
857 494 1050 861
858 825 551 395
859 511 1117 1071 1228 514
860 2015 986
861 319 1049 1050 349 352 186 331 857
862 1312 821 348 1375 1014
863 920 935 863 1357
864 1610 507 273
865 29 854
866 1510 465 469 1516 685 1500
867 804 292 2054 2055 593
868 1089 1239
869 899 257 1304 960
870 89 953
871 1098 128
872 873 2022 880
873 2022 880 872
874 1436 874 1146 496 820 1431 543 1078
875 668 663 914 1082 666
876 430 877 1028
877 430 1898 1028 876
878 1381
879 1689 2097 703 1890 497 461 260 1947 233 879 806 908
880 2022 873 872 1589 880 1265 1010 1676 1367 1315 1282 1588
881 1251
882 1300
883 1112
884 833
885 395 1054 825 551
886 1228 464
887 1723 1831 1380
888 1201 1118 836 1181
889 1149
890 1591 1069
891 956
892 1127 111 953 1223 1182 1165
893 1029 1031
894 894 1069
895 1347 1088
896 1705 1773 1088 1305
897 827 1440 1441
898 1882 1088 211 1097 1305 1920 2129 565 1308 1164
899 2078 1355 869 1348 588 221 1251 1308 758 81
900 935 1137
901 1030 1335 1412 903 490 1320 901 1128
902 581 1325 24 496 603
903 1030 998 1915 1335 200 901 743 1726 457 1320
904 2078 1278 2120 221 109
905 722 979
906 1869 1396
907 660 922 523 1102 439 849 1366
908 482 654 471 1272 971 879
909 440 1227 438 965 1112 1394 1399
910 1348 1301 1302 373
911 702 1125 672 671 135 1227
912 2046 1947 1948 476 987 474 473 755 1238
913 60 1054 1149
914 663 668 967 875 995 20 751
915 782
916 743 787 1022
917 1073 1191
918 1386 588
919 919 1189 1191 953
920 829 594 1052 1261 863 1092 1294 926 920 1254 1326 655 1448 1309
921 1204 1403
922 1373 660 1329 1102 2209 907 922
923 1306 1330 829 640
924 786 799 787 743 1884 665 1075 793
925 951 1010 1011
926 829 920
927 927 1158 1785
928 1084
929 624 1105 1010 1011 131
930 1373 1329 1113 1272 23 234
931 1575 745 1084 932
932 1084 1359 931 745
933 1108
934 1198
935 863 900 1162 1341 1395 980 1863 1026 1200
936 1088 686 987 1210 70 673 1269 801 209
937 644 642 707 1088 1508 1333
938 824
939 1287 1291
940 1229
941 946
942 1343
943 1238 1239 1272
944 1305 1355 1316
945 352 1087
946 941
947 1090 1091
948 1050 431 1199
949 974 429
950 852 950
951 748 925 951 1922 1739 507
952 260 2117 1088
953 1348 892 919 870 739 248 840 1061 338
954 1085 1357
955 1350 958 1356 1191 1257
956 1120 1446 1404 701 1003 1001 1406 1002 2130 780 841 891 1591 1220
957 772
958 955 1350
959 464 19 1180 1228
960 869 1401 1304 1312 821 1818 1438
961 970 978 457 605
962 1120 705 1840 116 97 1793 962 1534 1487 694 1759 1811 1591
963 1259 814 511 264 1989 973 1920 1653 376 464 1228 1397 1093 830 1924 1944 855 1097 1008 55 262 344 2006
964 1037 481 407 1073
965 965 1112 909
966 1403 1368
967 663 914 1082
968 855 1818 1989 536 567
969 970 263 978 2032 1772
970 505 961 605 969 1772 1797 457 459 978
971 908 1351 482
972 690 843 972
973 963 1228 855 2157
974 1348 949 1060 429 341 704
975 1287 1417
976 465 469 1258
977 1010 267
978 449 505 1892 961 517 2032 605 1549 969 400 970 1772 263 1797 457 48 302 1625 31
979 1163 1359 670 905 722 441
980 2148 935
981 1281 648
982 737 1092 352
983 1182 1178
984 438 990
985 438 1198 724
986 1017 860 1258
987 912 1238 473 936 672 673 1289 671
988 605 460 1374
989 476 1363
990 678 990 677 984 1421 672 673 473 1415
991 1063 1432
992 1107
993 684 1254 1063 1174 1268 586 1390 119
994 1348 1228 59 1339
995 663 914 1082
996 697 1093 1172 1338
997 119 1092 2185
998 1092 903
999 1403 1404 1374 1409
1000 1345 663
1001 1002 2130 956 2029
1002 701 1003 2130 1001 1237 956 780 1652 1591
1003 1002 2130 956
1004 754 755
1005 1251
1006 728 706 313 242 1389 1944
1007 1259 55 344 1228 679 1202 1172
1008 728 835 963 1241 1287 1008
1009 1144
1010 525 977 745 2157 470 813 2022 1010 1265 1149 608 1011 812 267 925 776 691 880 1105 929 734
1011 745 2157 2022 525 1010 812 261 925 776 1105 929 2100 1011
1012 766
1013 465 1015 1262
1014 1328 257 283 862
1015 465 469 1258 1262 1013
1016 465 1258
1017 986
1018 686 563
1019 1160 856 1217 1218 1440 1444
1020 326 1021
1021 326 1020
1022 665 916 1075 743
1023 761 1209
1024 732 291 79
1025 1369 2187 722
1026 1793 1858 1724 1856 1432 1759 1591 1561 311 935
1027 469 465 1258
1028 1615 430 111 1898 877 1028 261 876 75 1822
1029 893 1038 1076 531 1727
1030 901 200 1726 903
1031 893
1032 2119
1033 1447
1034 1437 753 1034 496
1035 687 1384 1065 1310
1036 1251 1241 1093
1037 796 647 1985 964 1166 1536 1581
1038 373 1076 464 341 718 1029 2143
1039 192 1944 511 352 167 1923 1093
1040 192 811
1041 261 464 679 1172 561
1042 349 1067 1069
1043 348 2142 1881 531 1043 1880
1044 1244 1245 1247 1263
1045 1774 1271 2029 1870 1865 1858 1220
1046 476 1272
1047 1048 1215 1104 774
1048 1047 1048 1215 1236 774 1193 832
1049 676 861 186 1050 1080 349 117 319 1284
1050 861 948 1049 349 352 186 857
1051 1139 1062 789 633
1052 920
1053 646 796 714 59 647 11 60 203 1325 1054 1149 1818 731 664 1153 1184 412 771 1166
1054 646 1243 1053 1149 87 88 731 1206 1325 913 412 1166 885
1055 128 1197
1056 1285
1057 1324 1332 547 1337 1876
1058 1058 748
1059 727
1060 89 376 974
1061 953
1062 1693 1051 1324 332 333 514
1063 586 993 991 1148
1064 1100 1081
1065 1327 783 1927 1035
1066 801
1067 1042 1928 1814
1068 1112
1069 1042 890 1591 1448 1309 894 1069 827 595
1070 1240 852 1074 494
1071 1379 859 511 573 1297 1327 514 1117
1072 1244 1247 1245 1248
1073 917 756 964
1074 1240 1070
1075 629 743 1022 924
1076 1038 341 1177 1352 1029
1077 1267
1078 2014 874 496 543 2127
1079 460 723
1080 1049 349 117 184
1081 292 662 1064
1082 845 2030 668 967 875 243 995
1083 1944 728 2084 265 599 706 788 520 481 1352 830 837
1084 928 931 932
1085 1789 1895 954
1086 2022 792 1334 230 1455 1767 1998 342 2100 1265 213 201 325 1781 85
1087 1304 945
1088 1944 1303 1355 898 936 1920 1701 895 2119 1369 2129 830 1173 565 952 773 644 1316 896 838 1164 642 937 1252
1089 1944 1852 1920 830 1397 352 1093 1095 613 1097 1094 851 1653 868 2023 1513
1090 947
1091 947
1092 1253 998 1647 920 1092 471 997 1212 982 1422 1126
1093 1944 834 1338 839 2022 963 996 1222 1089 1251 1039 2023 1036 1095 1097 726 770
1094 1944 1222 1089 2023 1095 1097 362 837
1095 1944 352 167 2022 82 184 830 1089 1924 1094 2023 1093 770 1887
1096 750 826 1378 643
1097 1944 1397 898 1920 470 963 356 1588 1305 1089 1094 2023 2006 1093 2189
1098 871 349 128
1099 666 847
1100 1064 292 662 2015
1101 2096 816 1101 1121 547 1201 115 1122 1118
1102 1103 849 922 907
1103 1102 849 1366
1104 1047 1104
1105 624 1010 1011 929
1106 476 497 1273 1275
1107 992
1108 933
1109 1239 737
1110 1392 2186 496
1111 241 1889 763 1903
1112 660 744 1411 1210 256 883 1068 965 1112 1394 1399 909 807 809 844
1113 1366 1373 930
1114 1179 542
1115 1206
1116 1382 1116 373 1302 481
1117 859 1818 1800 573 1180 1297 1071 1324 1327 111 514 1513
1118 2096 1934 452 816 836 888 1121 379 520 447 547 1214 115 1101 645
1119 1208
1120 956 1793 962 2130
1121 1101 19 1934 1118 2034 2168 520 547 1122 645
1122 1934 1214 1419 816 1101 1121
1123 663 666 668 847
1124 1130 1949 1950 1841 543 1981 1982 2065 2014 2103
1125 849 523 911 310 122 476 497 671
1126 1092
1127 111 892 2200
1128 901
1129 741 733 287
1130 460 1431 1124
1131 712 1285
1132 128 1197
1133 605 251 1439 1283 460
1134 256 237
1135 455 1278 1187 533 462 194 1974 17 31 460 468 2042 723 791 66
1136 1341
1137 1341 900 1430
1138 465 469 1262
1139 1051
1140 124 1140 1141 1154
1141 1140
1142 1377 1420
1143 547 1937 1428
1144 1009
1145 835 1318 697 837
1146 1146 852 874 2210 674
1147 1233
1148 80 827 137 1211 595 1647 1063
1149 1243 796 1053 470 2022 267 1325 1054 269 128 1010 1818 731 913 1153 1184 1166 889
1150 788
1151 1279
1152 791
1153 1053 1149 1153
1154 1140
1155 349 1208
1156 457 460 777
1157 696
1158 621 927
1159 1208
1160 1019 1599
1161 1827 2131 2206 648 1591 1497
1162 935 1591
1163 722 979 1815
1164 1308 1088 1180 898
1165 1165 111 892
1166 771 1037 1053 647 1054 1149
1167 1245 1247 1263
1168 754 755
1169 1169
1170 804 2054 593
1171 432 1287 1171
1172 679 1379 996 1818 1041 1007
1173 2117 1088
1174 1498 993 1268
1175 559 1287 432
1176 432 1287 1176
1177 1852 1718 2142 2084 1076 1352 1333 2048 1990 1832
1178 1852 1333 550 1182 983
1179 1228 464 1114 55 344
1180 573 706 959 1117 1164
1181 836 888
1182 1484 1514 1178 86 983 2012 892 550
1183 846
1184 731 1053 646 1325 1149
1185 241 661 460
1186 657
1187 1135 460 66
1188 768 1430
1189 919 1191 1192 338 550
1190 1278
1191 919 1189 2122 955 1433 917
1192 338 550 1189
1193 774 1048
1194 1351
1195 373 835
1196 1424 598 662
1197 1132 128 1055
1198 438 1198 934 985
1199 431 948
1200 1410 935
1201 1101 888 253 1214
1202 464 679 1207 1007
1203 1427 689
1204 136 1403 36 921 1973 1278 637 615 533 45 1717 1650 1974 461 392 169 449 1204 605 51 459 460 462 723 132 2042 2 546 658
1205 547 756
1206 779 1325 1054 249 1115
1207 1379 1202
1208 813 1251 855 55 1155 1159 1119
1209 1209 1023 163 831
1210 936 1112 1210
1211 827 595 769 1148
1212 1092
1213 696 697
1214 1201 1934 1118 816 1382 1122 1419
1215 367 1047 568 1215 1048 1242
1216 720
1217 311 1019 1218
1218 1019 1217 311 1440
1219 656
1220 956 1045
1221 494 547 186 117
1222 1920 1093 1094
1223 2088 111 1676 892
1224 756 1270
1225 1307 743 786 787 200
1226 1228
1227 702 1704 909 911 1239
1228 1260 1318 1259 859 1408 1226 963 973 994 1179 1818 464 886 1241 55 344 1007 675 376 531 959 2151
1229 940
1230 348 1304 819
1231 1266 1270
1232 688 144
1233 1147 740 699 1336
1234 1436 852
1235 496 636
1236 1048
1237 1002 2130
1238 738 987 943 473 912
1239 1968 476 1948 943 1109 2012 1239 1272 475 1778 851 1227 868 2089
1240 1070 496 852 1074
1241 1036 1228 1798 1008
1242 367 568 1215
1243 470 1054 1149
1244 1044 1072 1248 1245 1263
1245 1044 1072 1248 1244 1247 1263 1167
1246 204 1246 709 2101 762
1247 1044 1072 1248 1245 1263 1167
1248 1244 1072 1245 1247
1249 1436 543
1250 649
1251 1005 1944 1036 1391 775 813 881 1339 1208 1251 899 1093 1923
1252 1088 1508 707 644 516
1253 351 1092
1254 993 684 920
1255 1342
1256 1274
1257 955 785
1258 1015 1516 685 289 1027 1264 976 715 1423 717 47 1262 752 716 1016 465 986
1259 963 1228 1007 55
1260 464 1228
1261 920 667 721 669 1261
1262 1015 1138 1264 465 469 1262 1258 1013
1263 1044 1244 1245 1247 1167
1264 469 1258 1262
1265 680 2022 1010 792 742 2102 1986 1578 880 230 213 1455 342 1725 1786 2076 1086 325
1266 348 1231 123
1267 1077 460 723
1268 1174 119 993 1726
1269 801 936 728
1270 1231 757 1224 470 641 269
1271 737 791 1045 1534
1272 1046 1373 1292 1948 1329 513 476 1273 1275 497 908 943 930 1239 2089
1273 1272 476 1275 513 1106
1274 1384 1256 166 1440 2058
1275 1292 1272 1273 513 1106
1276 1436
1277 369 756 111 1277
1278 1278 1135 1204 904 460 1190 462 533 848 692
1279 1151
1280 656
1281 981 461
1282 1589 1315 880
1283 1283 51 460 1133
1284 1049 349 117 184
1285 60 1131 1056
1286 278 1334
1287 1175 2022 1291 1353 1008 1287 1171 1176 975 128 559 939
1288 747 224
1289 1289 1290 987
1290 1289 738 66
1291 1287 939
1292 1272 1275
1293 1403 566 528 1374
1294 920
1295 1413 56 606 2173 1418 1348 760 693 1493
1296 788
1297 514 1364 616 1071 511 1117
1298 290 657
1299 736 1392 562 611 496
1300 736 882
1301 1302 373 910
1302 1301 1302 910 1116
1303 1088 352 855 1348
1304 1348 1087 1355 819 869 1401 822 821 352 1319 1701 960 1818 719 167 2146 1230 1340 1438 1398 1589 1676 1588
1305 1348 1355 898 1588 1397 1097 516 944 896
1306 923 1330
1307 1393 1792 743 629 1225 803 1383 517
1308 401 578 828 521 261 899 898 2157 402 1955 1164 1308 1355 522
1309 920 1069
1310 348 1035 307 1327
1311 1311 1313 349 535
1312 862 821 1352 960 719 1375
1313 564 1354 1311
1314 534 629
1315 1348 515 1589 1588 1676 880 1282 2189
1316 1088 1690 1773 944 1355
1317 658 605 460
1318 1800 1228 376 464 547 728 1145 447 344
1319 728 1304
1320 901 903 1916
1321 743
1322 743
1323 26 1416 714 852 779 29
1324 1057 333 1062 1117 1444
1325 797 902 1053 1149 1206 731 1054 1184
1326 920
1327 728 1379 1065 687 1552 123 1327 1927 1071 2187 1634 1519 1310 1117 1551 1479
1328 257 283 1014
1329 922 1272 930
1330 923 1306 640
1331 1413 546
1332 1057 772 333 335 1538
1333 1178 181 1989 1369 1177 937
1334 1286 278 792 1086
1335 901 1726 903
1336 1233
1337 1057 333 154 679 21 1956
1338 697 1093 855 996
1339 1829 775 994 353 1251
1340 1304
1341 80 935 1136 1137
1342 1818 1255
1343 624 1344 1349 79 643 942
1344 624 1343 1349
1345 663 1000 1365
1346 460 723
1347 192 352 895
1348 816 1800 209 373 1295 376 352 1923 1303 515 1304 1305 516 910 953 974 1589 1315 561 899 994 1701 1924 1676 1588
1349 624 1344 1343 79 1434 1435
1350 955 958
1351 482 618 1351 971 677 246 1194
1352 1083 1076 1312 1177
1353 1287
1354 1313
1355 565 2134 209 1088 1508 899 352 1305 516 773 561 185 397 70 1304 1355 1701 1414 1818 1308 1445 2146 944 1316
1356 1852 1356 955
1357 863 954
1358 1358
1359 979 932
1360 1913 2130 763 1975 2133 1759
1361 390 1403 54
1362 59
1363 1420 989
1364 1297 352 128
1365 1345 663
1366 1113 491 1103 2209 907 439
1367 56 880
1368 711 461 1374 635 966
1369 2041 1989 1369 1333 264 1977 1088 2141 1634 260 1552 576 1025 1941 675 1551
1370 653 396
1371 769 1591 119
1372 1715 1401 1588 2120 2140
1373 922 233 1272 930 234 1113
1374 1403 999 711 1368 1293 566 988 121
1375 862 1375 1312 821 719
1376 1380
1377 1142
1378 1096
1379 1071 1327 1172 1207
1380 1376 887
1381 878 1381
1382 1116 650 373 89 1214
1383 842 1307 154 1384 1405
1384 1463 1035 1383 772 1647 1274 1384 1863 154 765 2148 1865 1870 2058
1385 438 724
1386 918 588
1387 1413 606
1388 1590 1953 496 2082
1389 1006
1390 827 993
1391 1251
1392 1110 736 1299 661 740 571 241
1393 743 1307 786 787
1394 1112 1399 909
1395 935
1396 906
1397 1097 963 1305 706 1089
1398 1438 511 1304
1399 1112 1394 909
1400 1400
1401 257 1304 960 1372 1438
1402 688 1992 1874
1403 1204 735 1374 999 921 713 533 1361 43 635 966 1293 28 121
1404 999 956
1405 1383 1447
1406 1446 956
1407 345
1408 1228 55 185
1409 999 1483 54 2 1449 405 1538 1539
1410 1200
1411 1112
1412 1913 1849 1472 1793 901 1474 1614 1641 1561
1413 1295 1331 56 396 606 400 2173 1418 1387 760 658
1414 352 561 1355 2129
1415 654 2171 990
1416 26 1323 683 29
1417 728 470 1417 975
1418 1295 1413 606
1419 1934 1122 379 1214
1420 654 1142 1363
1421 990 677 678
1422 1092
1423 465 47 1258
1424 469 1196
1425 373 464 835
1426 33 1426 1429 730 387 1559 1775 339 113 2063 93 1649 1657
1427 1203
1428 1444 1143
1429 33 1426 113 1649 1775
1430 1188 1137 768
1431 664 21 1763 1130 874 128 1981 1982 2014 1556 164 2116
1432 1647 1940 1026 1591 1793 1858 991
1433 698 1191
1434 624 1349 79 1435
1435 624 1349 1434
1436 874 1276 1234 1249 543
1437 1034 753
1438 257 960 1304 1398 1401
1439 1133 605 460
1440 1647 1478 897 1858 1019 1218 137 1274
1441 1647 827 897
1442 729
1443 741 33
1444 1324 1019 1428
1445 801 815 1355
1446 1446 956 1406 1591
1447 1033 1405
1448 920 1069
1449 407 1482 1483 51 1409 489 605 1535 460
1450 2017
1451 1807
1452 1693
1453 2160 1793
1454 1619
1455 2100 342 1086 1265 1998 325 1780
1456 1800 376
1457 1784
1458 2199
1459 2209
1460 1864
1461 1556 1558
1462 1997 496
1463 2139 137 611 1384
1464 1980
1465 1566 349
1466 2050 2202
1467 496 611 519 2137 332
1468 1473
1469 349 396
1470 241 517 368 200 1538 457 1854 1471 413
1471 1854 1470 18 200 458 1976
1472 1412 1913
1473 1468
1474 1478 1412 1561
1475 1930 1894
1476 1799 1496 2090 1796 1495
1477 805 1638 1575 2144
1478 1799 1440 1495 1474 1746
1479 2088 1327 111
1480 1708 1501
1481 1681 598
1482 1539 54 1538 1449 2 460 390 1667
1483 1449 2 1538 1539 54 460 1409 1667
1484 2177 1514 1182
1485 1912 460 461 109
1486 1929 38
1487 2130 2197 311 962 694 2208 1759 1811 1954 1591
1488 1818
1489 292 2054 2188
1490 1799 1796 1496
1491 2028
1492 1591 1492 18 1916 460
1493 1295 1549 557
1494 1711 352 475
1495 1796 1799 1478 1476
1496 1799 1496 1796 1476 1490 2090
1497 1591 1161 1812
1498 594 1174 1816
1499 1659 1587 281 1660 1583 1675
1500 1510 1516 469 866 1500
1501 1708 1480
1502 79 1593
1503 1879 1504
1504 1879 1503
1505 1872 2109
1506 1713 2119
1507 349 1978
1508 1355 707 1941 644 642 937 1252
1509 416 1963 1513
1510 465 469 1500 685 866 1516
1511 2183 206 404 1863 1513
1512 1608 461 455 2042
1513 1701 1623 1513 1714 416 1963 1509 1685 571 1117 1089 464 772 1511
1514 2114 181 1484 1182
1515 2108
1516 469 1258 1500 1510 685 866
1517 2176
1518 2114 2044 1518 42 111 2122 383 89 226 2101 2026 447 481
1519 2187 1327 82
1520 797 1636 798 98 54
1521 2153 564
1522 1632 245 1721 1740
1523 1673 1677 462
1524 1987
1525 2119
1526 1530 1527 1759
1527 1530 1526 1916
1528 1528 1944
1529 1800 1670
1530 1526 1527 1916
1531 1758 313
1532 1588 402 1955 588 2066 526
1533 2197 1858 2208 238 793 1591
1534 1793 962 2197 2208 1827 1271 1534 97
1535 459 449 241 735 451 460 461 1449
1536 1037 1922
1537 2150
1538 1470 1646 1482 1483 533 31 1539 449 241 285 457 460 461 571 1332 396 546 633 597 286 1538 1656 302 1409
1539 1646 1482 1483 798 1538 1539 54 1409
1540 1540
1541 2040
1542 1783
1543 2095 1591
1544 416
1545 1546 1553 2039 1749 1697 2162
1546 1545 1546 1553 2039 1749
1547 1987
1548 2192 1702 102 2085
1549 446 978 1493 505 390 451 460
1550 446 1994 2173 1995 558
1551 1552 1634 1369 1327 2187
1552 1327 1551 1552 1369 1634
1553 1546 1545 1749
1554 1738
1555 1867 1555
1556 1461 1431
1557 1987
1558 1461 1977 1558
1559 1939 1426
1560 292 2054
1561 1026 1474 1412
1562 1662
1563 1598
1564 2002 1575 332
1565 2157
1566 628 1465
1567 2011 2012
1568 1795 1568
1569 1584 611 1570
1570 1584 611 1569
1571 1855 1584
1572 1993 89 420
1573 597 457 2120
1574 1691
1575 931 163 46 335 1564 1477
1576 1757
1577 1579 359 82 1588
1578 680 742 1265 1767 2076
1579 82 1577 1579
1580 1769 1800 115 19 599 520
1581 229 1037 1739
1582 1882 269
1583 1499 1888
1584 1571 1569 1570
1585 2138
1586 2097 523
1587 1888 1499 1660
1588 1532 1372 1920 82 352 1588 1305 1097 516 561 2066 362 1577 2102 526 1589 1315 209 1304 1348 880
1589 1348 515 2023 209 352 1304 1588 1589 1676 1315 880 1282 2189
1590 1388 1983 2045 1720 2175 1590 1843 1779 1943 1951 2110 2060
1591 705 1724 238 890 1432 1759 1954 1817 1026 1161 1827 1543 193 1487 694 1371 1533 1492 1497 1774 2148 1446 1002 2160 168 311 1591 1069 956 1975 763 1793 114 1162 962 97 2029 1621 765 795
1592 1606 249
1593 1502 339
1594 1794 349
1595 1648 2052
1596 1969 99
1597 1996 1992 818
1598 1563
1599 1971 1160 1599
1600 465 469
1601 1830 56 1605 1744
1602 1911 1692 282
1603 1759 1817
1604 614 1613
1605 1601 1744 542 59 2109 1751 1605
1606 469 1592 14 1681 1606 611
1607 614 29
1608 1512 2024 346 60
1609 496 2054 495
1610 864 318 1883 87 507
1611 359 1894
1612 705 1793 1827 1849
1613 614 1604
1614 1412
1615 1028
1616 596 1658 281
1617 2068
1618 2098 573 352 2109 463
1619 1454
1620 1630
1621 1827 1591
1622 1890
1623 1513 1966 416 1963 1685
1624 1738
1625 797 263 51 978 1772 1828 449 1892 1797 460 461 31 1801 78
1626 1771 1805 1808
1627 2164 2077 602
1628 2083 460
1629 144 1856 97
1630 1620 1630
1631 2077 1734
1632 1522 2062
1633 235 1633 1809
1634 82 1369 1327 2187 1551 1552
1635 623 584 1726
1636 1520 1636 285 597 232 98 1656
1637 1927 570
1638 1477 2144 433
1639 533 1940 1812 1895 1699
1640 2043
1641 1412
1642 2145
1643 2013 200
1644 2170 533 2198 1976 349 460
1645 1775 2063 1826 1904
1646 1538 1539 54
1647 1148 1092 1432 1440 595 1441 2018 214 1384 1814
1648 1595 2047
1649 33 1775 1426 1429
1650 1717 449 1974 50 2033 299 1204
1651 1817 1954
1652 1709 1002
1653 963 1920 1089 464 2023 55
1654 2134
1655 1970
1656 98 189 1538 1729 1636 164
1657 1775 1426
1658 227 596 1658 281 1616 2091 1745
1659 1731 1499 1842 1660
1660 1731 1587 1659 1660 1499
1661 1661
1662 1562
1663 1664 349 2067
1664 1663 2067
1665 1937 547 1692
1666 1926
1667 54 1482 1483
1668 1680 1775 1826
1669 2009
1670 2156 1800 1529
1671 82 1760
1672 59 1672 1957
1673 457 1523 1677
1674 1911 1688 1728
1675 281 386 1499
1676 1223 1589 209 352 1304 880 1315 2189 1348
1677 1523 1673 457
1678 128
1679 70 128 1994
1680 1775 1826 1668
1681 1681 1481 604 1606 349
1682 2201 1952 1775
1683 384 517 1977 460
1684 253 2168
1685 1623 416 1963 1513
1686 1754 1756 1757 1902 609 610 1716 2174
1687 352 2146
1688 470 373 1674 1911
1689 1890 703 879
1690 1773 237 1316
1691 1574
1692 547 1937 817 452 1665 1602
1693 349 1693 332 333 1062 335 1698 1452
1694 1994
1695 1738 220 501
1696 1741
1697 1545
1698 1693 1893 1978
1699 533 1639
1700 2195 89 520 481
1701 1088 1963 352 515 1513 1807 1355 1931 1966 2104 529 416 167 1304 1348
1702 102 2085 495 128 1548 496 223
1703 373 2166
1704 1706 1227 702 1705
1705 1706 77 724 173 260 896 702 1704 1710 185
1706 1704 1705 1710
1707 2049
1708 1501 1480
1709 1652
1710 1706 1705 130 2186
1711 1711 1494
1712 1831
1713 1506
1714 1513
1715 2134 2140 1372
1716 1686 610 609
1717 1650 1974 2033 1204
1718 1177 2135
1719 2135
1720 1590 1779 1943
1721 245 1522 2064
1722 2140
1723 887 1831
1724 1026 1591 1793 1858 1759
1725 1265 2076 201 325 1787
1726 1030 1335 290 903 1635 1268 586
1727 2078 693 221 1029
1728 373 1674
1729 232 1656
1730 1784
1731 1659 1660
1732 1733 373 1776
1733 373 376 1732 464 55
1734 1631 2077
1735 2178 154
1736 1916
1737 2164 602
1738 1695 1554 498 2051 1624
1739 951 1581
1740 245 1522
1741 1889 1696
1742 297
1743 2147 2120
1744 1601 1751 1605
1745 408 467 383 227 226 1745 596 386 1658 281
1746 1478 1752
1747 2005 51 460 2083
1748 1821
1749 1545 1546 1553
1750 2039
1751 59 1744 1605
1752 1746
1753 2123 1921 1852 1822 348 1992 1753
1754 1686 1756 2037
1755 2015
1756 1686 1754 2159 1757 1905
1757 1576 1686 1756 1905
1758 313 1531
1759 1858 1026 1487 1526 1724 1591 763 962 1360 1863 1811 2130 1856 1759 1954 1817 1603
1760 2117 1671 109
1761 1770
1762 352 353
1763 1431
1764 1827
1765 1984 2064
1766 1799
1767 1578 1086
1768 1976
1769 816 1800 1580
1770 1761 1770
1771 1805 1808 1626
1772 970 978 969 1892 1828 1797 1625 1801
1773 1690 896 1923 1316
1774 1045 1591
1775 730 1775 1426 1645 1682 93 1826 1649 1429 1904 1680 1668 1657
1776 373 1732
1777 237 2105
1778 2011 1239
1779 1720 2175 1590
1780 1455 1998
1781 1787 1086
1782 611 2120
1783 1542
1784 1730 2073 1457 4 427
1785 1940 927 611
1786 792 1265 213 2076 1787
1787 230 1786 1725 1781
1788 1986
1789 1085 1839
1790 130 111 2200
1791 517
1792 629 517 1307
1793 1120 1612 1848 1849 1026 1412 1938 97 962 1534 2130 1858 1724 1856 1453 1432 1817 820 1591
1794 1794 1594 2082
1795 1568
1796 1495 1799 1490 1496 1796 2090 1476 2116
1797 449 385 2032 98 48 457 460 461 970 263 978 1772 1625 1801
1798 728 1241 2111
1799 1495 1799 1796 1476 1478 1490 1496 1766
1800 1318 1348 1769 2156 481 1580 1670 1456 275 1529 1117
1801 1892 1772 1797 1625
1802 1968
1803 1900
1804 1805 1808 1942
1805 1804 1808 1805 1942 1771 1626
1806 294 1869
1807 1451 1701 144
1808 1805 1804 1771 1626 1808
1809 235 1633
1810 311 765 1863 795
1811 1487 1759 962
1812 1639 2206 1497
1813 1836
1814 1647 1067
1815 1967 722 1163
1816 1498
1817 1954 1759 1591 1793 1858 1651 1603
1818 63 261 449 470 2 1117 390 968 1920 464 1228 1053 2062 352 59 647 830 12 1304 960 405 128 1172 407 1342 700 457 1149 460 1355 70 66 1488
1819 1837 1838 103 1899
1820 2198
1821 1748
1822 1852 1753 1880 2084 1028
1823 550 2165 471 448
1824 1938 2197 2208
1825 818 1874
1826 1645 1775 1680 1668
1827 2036 1612 1161 1764 1827 1851 2131 2104 1621 238 1534 1591
1828 1772 1625
1829 209 1989 1339 261
1830 1961 542 1601
1831 887 1712 1723 104
1832 1177 2177
1833 495 128 496
1834 111
1835 335
1836 1813 517
1837 624 1819
1838 624 1819
1839 1789 1868
1840 705 962 791 1866
1841 1124 2061 543 1981 1982 2065 2014
1842 1659
1843 2175 1590 2019
1844 2030 1845 682
1845 2030 1844 70 2129 565
1846 2034 1934
1847 1860 2204
1848 1793 1866
1849 1612 1412 1793 1866
1850 119
1851 1827 1866 1870 1865
1852 430 1992 1993 1089 1177 1178 1996 2123 1852 1356 1753 1822
1853 2129
1854 1470 18 200 1471
1855 349 1571
1856 1629 1866 2130 1858 1026 1793 1759 793
1857 2056 496
1858 1026 1533 1759 238 1793 1856 1858 1724 1432 1817 1045 1870 1440
1859 1859 2087 1999
1860 1847 2204
1861 2071
1862 59 1987 282
1863 1384 1759 935 496 1511 765 1810 795
1864 2007 1460 1869
1865 1384 1870 2148 168 322 1045 1865 1851
1866 1840 1856 1848 1849 1851
1867 1555
1868 1839
1869 2007 2074 1864 906 1806
1870 1384 2148 1045 1865 1851 1858
1871 1876
1872 1505 2113
1873 1877 119
1874 1825 1992 1402
1875 1876
1876 1871 1057 59 1875 1876
1877 1873 119
1878 1901
1879 1503 1504
1880 1043 1881 1822
1881 1043 531 1880
1882 898 1582
1883 1610
1884 1955 924
1885 1891
1886 2070
1887 2158 1095 1887
1888 1587 1583
1889 329 1741 1111
1890 1689 879 703 1622
1891 1885 1891
1892 241 788 605 251 51 460 263 978 1772 1625 1801
1893 2126 349 1698
1894 1475 331 1611
1895 329 556 1085 1639
1896 260 2134 2117
1897 131 2010
1898 430 877 1028 2121
1899 1819
1900 1803
1901 89 1878
1902 1686 2174 609 610
1903 2148 1111
1904 1645 406 1775
1905 1756 2037 184 1757
1906 2064
1907 2053 292 2054 2055
1908 1910 1908
1909 611 496 1909
1910 421 259 1908
1911 1674 60 1602 1688
1912 1485 2163 449 390 400 462 461 2038 66
1913 2130 1412 2133 1360 1472
1914 2202
1915 903 1916
1916 1915 584 2168 43 1916 1530 1527 490 1320 168 1736 1932 1492
1917 59 1953
1918 2113 611
1919 2136
1920 1944 834 348 1088 1089 1588 1097 362 898 963 1222 1818 1653 2006 2189
1921 1753 550
1922 455 1991 647 1536 1922 951 507
1923 1944 312 1348 2125 1039 2111 1773 216 1251 352 167 71 397 410
1924 1944 963 352 167 1095 1348 2146 2006
1925 2210
1926 2064 1666 1984
1927 1637 1327 1065 324
1928 1067
1929 1486 2193
1930 186 331 1475
1931 496 1701
1932 1916
1933 452 373 1937 2016 453
1934 1118 379 1121 1122 520 447 547 1214 1419 1846
1935 2057
1936 2072
1937 1692 547 452 1665 1933 453 817 1143
1938 1824 1793 114
1939 1559 2063
1940 1639 1432 1785
1941 1508 707 1369
1942 2181 1805 1804
1943 1720 1590 2110 2019 2060
1944 1083 348 1088 1920 1089 1251 349 352 1923 1093 1094 1095 1924 1097 359 963 1528 1039 830 855 1006 242 2111
1945 384 68
1946 2134 209 348
1947 2046 912 476 879
1948 475 476 1272 2046 912 1968 1239 474
1949 1124 749 1950 2061 543 1981 1982
1950 1124 1949 749 2061 543 2065
1951 1983 2175 1590
1952 387 1952 1682 406
1953 496 1388 1917 495
1954 1487 1591 1759 1817 763 1651
1955 578 1532 1884 521 173 2066 402 2102 1308 522 526 237
1956 562 1337
1957 1672
1958 2021
1959 2054 496 2188
1960 1987 282
1961 1830 29 59 60
1962 1993 420 2092
1963 538 409 1701 1513 416 1509 1623 1685
1964 1993
1965 2179
1966 1966 1623 416 2104 1701
1967 1815 1967
1968 1948 1239 476 1802
1969 99 101 1596 104
1970 1655
1971 1599
1972 2115
1973 1204
1974 1717 1650 2033 1135 299 1204 400 410
1975 1360 2207 1591
1976 1644 1471 1768
1977 1683 1369 396 2088 1558 141 2184
1978 1507 1698
1979 2180
1980 349 1464
1981 1124 1431 1949 543 1841
1982 1124 1431 1949 543 1841
1983 1590 1951 2060
1984 2064 1765 1926
1985 407 1037
1986 1788 1265
1987 282 1524 59 1960 2169 1547 93 215 1557 1862
1988 2054 2055 292
1989 2172 1369 707 1333 1829 963 968 2151 700 722
1990 2122 1177
1991 50 2033 346 647 1922
1992 1852 1996 1597 2048 818 1753 1874 1402
1993 1852 1962 2123 260 1964 1572 420 2092
1994 1550 94 182 693 625 35 1694 1679
1995 1550 2163 241 557
1996 1852 1597 348 1992 2123
1997 1462
1998 1455 1086 1780 85
1999 1859
2000 2164
2001 75
2002 1564 332
2003 2088
2004 2119
2005 56 760 460 1747
2006 1920 1924 1097 963
2007 1864 1869
2008 2013 200
2009 1669
2010 349 1897
2011 1567 2012 1778
2012 1567 2011 1239 1182
2013 2008 1643
2014 128 1124 749 1078 1841 1431 543 2127
2015 860 1755 722 1100
2016 1933 373 376
2017 33 38 1450
2018 1647 565
2019 1843 1943 2060
2020 450
2021 1958
2022 349 203 470 880 1086 1265 267 1010 788 714 525 351 1095 1287 1093 1011 624 1149 873 872
2023 327 1094 1653 1089 352 1095 1093 1589 1097 362
2024 1608
2025 185
2026 265 2062 1518 2027 520 115 547 2026 2101
2027 522 2026
2028 1491
2029 1001 1045 2161 1591
2030 1844 1845 1082 70
2031 460 2035
2032 1797 356 978 457 969 2032 2093 448
2033 1991 50 1717 1650 1974
2034 1846 1121 520 481
2035 241 2031 2035
2036 1827
2037 1905 1754
2038 533 1912 449 132 2042 530 460 461
2039 1750 1545 1546 2162
2040 816 1541
2041 1369 2141
2042 405 1512 615 460 2042 533 1135 461 2038 468 1204 2
2043 2078 2120 1640
2044 1518 2044 352 42 111
2045 2045 1590
2046 523 1947 912 1948
2047 1648
2048 1992 1177
2049 2 1707
2050 1466 46 2202
2051 498 1738
2052 1595
2053 2055 292 2054 1907
2054 292 1609 2055 1959 1988 708 867 2053 1489 1170 2059 1907 1560
2055 2053 2054 1988 867 1907
2056 496 1857
2057 1935
2058 1274 1384
2059 292 2054 496
2060 1983 2110 2019 1590 2175 1943
2061 303 1949 1950 1841
2062 429 373 2026 1632 1818 2143 264 464
2063 1645 1939 1426 339
2064 1984 1926 1721 1906 1765 2064
2065 59 254 1124 1950 1841
2066 1588 2099 402 1955 1532
2067 1664 1663
2068 1617
2069 2081
2070 1886
2071 1861
2072 1936
2073 119 1784
2074 1869
2075 2194
2076 1786 1578 1265 213 1725
2077 1631 602 1734 1627
2078 2043 899 349 396 904 563 1727 221
2079 2106
2080 630 60
2081 2069
2082 1388 1794
2083 415 605 693 451 460 461 1747 1628 2152
2084 1083 1177 1822
2085 128 496 1702 1548
2086 2185 561
2087 1859
2088 514 2186 1223 1977 2003 130 111 1479
2089 2107 2117 513 476 1239 497 1272
2090 1496 1796 1476
2091 1658 227 281
2092 1962 1993 420
2093 2032
2094 469
2095 1543
2096 1101 1118 2096 379 352 520 42 2101 185
2097 1586 879 703
2098 728 1618 352 561
2099 370 2066 526
2100 525 41 691 1011 213 1455 1086
2101 2096 265 204 1246 2101 709 1518 115 2026
2102 1955 1588 402 588 1265
2103 2127 1124 543
2104 2104 1966 1827 1701
2105 1777
2106 50 2079
2107 2089 497 476
2108 1515
2109 542 1618 1605 1505 2109
2110 1590 1943 2060
2111 1798 830 1944 1923
2112 624 79 2190
2113 1872 1918
2114 1514 1518 42 111
2115 1972
2116 1796 333 335 1431
2117 565 728 82 1760 2119 1896 1173 952 2089
2118 2155
2119 565 1506 1032 2117 348 1088 475 773 70 2129 2004 1525
2120 1372 1743 2043 904 2120 1573 449 71 461 221 1782
2121 1898
2122 1518 1990 1191
2123 1852 1993 1753 1996
2124 624 79
2125 352 1923 516
2126 1893 335
2127 2103 2014 1078
2128 2182 2191 2196
2129 565 1414 1088 2119 1845 773 588 898 1853
2130 1913 1360 701 1003 1002 1856 1120 2133 1001 1487 1237 956 763 1793 795 780 1759
2131 1161 1827
2132 2154
2133 137 1913 1360 2130
2134 1715 1654 1355 1896 1946
2135 1718 1719
2136 1919
2137 1467
2138 2149 20 591 1585
2139 1463
2140 1715 1372 1722
2141 2041 1369
2142 1043 1177 185
2143 373 1038 2062
2144 270 1477 1638
2145 1642
2146 1687 209 1924 1304 352 561 1355
2147 1743
2148 1903 980 1384 1870 1865 2205 1591
2149 2138
2150 1537 2171
2151 1989 55 1228
2152 2083 605 460 2152
2153 1521
2154 2132
2155 2118
2156 1800 1670
2157 376 481 525 1010 1011 267 2157 812 813 973 1308 1565
2158 2158 1887
2159 2167 1756
2160 311 1453 1591
2161 2161 2029
2162 1545 2039
2163 1912 693 1995 2173
2164 2000 202 602 1737 1627
2165 1823
2166 1703
2167 2159 195
2168 19 1121 1916 275 1684 376 547
2169 59 1987
2170 1644 533
2171 654 2150 1415
2172 1989 728
2173 1295 1550 1413 533 693 2163 349 396 461 566
2174 1902 609 1686
2175 1590 1843 1779 1951 2060
2176 433 1517
2177 1484 1832
2178 154 584 1735
2179 1965
2180 371 1979
2181 1942
2182 2128
2183 206 404 1511
2184 384 460 517 1977
2185 2086 997 2185
2186 1110 130 2088 1710
2187 728 1327 1634 1519 1025 1551
2188 1959 496 1489 99
2189 1920 1097 1676 1589 1315
2190 624 79 2112
2191 2128 81 128
2192 62 1548
2193 1929 38
2194 2075 514
2195 1700
2196 81 749 2128
2197 1487 1533 1824 1534
2198 533 1644 1820
2199 1458
2200 1127 1790
2201 1682
2202 1914 2050 1466
2203 547 2203 78
2204 1847 1860
2205 2148 722
2206 1161 1812
2207 168 1975
2208 1487 1533 1824 1534
2209 922 1459 849 1366
2210 1925 1146 636
